[Move_00:06:F7:A7:E0:9D]
gyroGain=0.00155904 5.62319e-005 1.17674e-005 -5.15814e-005 0.00163684 6.97553e-006 -6.8339e-006 -1.19064e-005 0.0021068
accBias=0.000407376 0.000131273 0.000228748
accGain=0.00224788 2.62949e-005 3.07618e-005 -1.25859e-005 0.00225864 -3.30965e-005 -3.75789e-005 7.75132e-006 0.00225127
[Move_]
gyroGain=0.00155904 5.62319e-005 1.17674e-005 -5.15814e-005 0.00163684 6.97553e-006 -6.8339e-006 -1.19064e-005 0.0021068
accBias=0.000407376 0.000131273 0.000228748
accGain=0.00224788 2.62949e-005 3.07618e-005 -1.25859e-005 0.00225864 -3.30965e-005 -3.75789e-005 7.75132e-006 0.00225127
[Move_ð]
gyroGain=0.00155904 5.62319e-005 1.17674e-005 -5.15814e-005 0.00163684 6.97553e-006 -6.8339e-006 -1.19064e-005 0.0021068
accBias=0.000407376 0.000131273 0.000228748
accGain=0.00224788 2.62949e-005 3.07618e-005 -1.25859e-005 0.00225864 -3.30965e-005 -3.75789e-005 7.75132e-006 0.00225127
